2 5 6380 3259 344 11250 6245 
1 12 6245 333 11315 3101 187 110 6086 6035 3072 79 149 3151 
1 11 6380 11282 9302 401 11384 3279 9399 6273 3313 11353 11241 
1 18 6380 11282 9302 366 6303 287 6400 11272 354 11234 207 9353 11259 9275 341 7482 10323 9340 
1 17 6380 3391 3327 274 11369 3345 352 6305 398 371 315 6589 9506 3568 6532 11557 525 
1 12 6380 6414 9348 9282 9395 9266 9313 6279 3199 6398 6341 413 
1 9 413 9552 473 570 523 9476 11450 11434 9417 
1 20 6380 301 3290 11330 11268 9330 3356 9273 9245 11381 11351 340 471 6587 544 487 579 3582 9504 3529 
1 5 11241 9241 6220 3267 11370 
1 12 6380 3391 6348 3377 3308 3236 300 9411 9355 9328 9260 3580 
1 4 3580 6543 6481 418 
1 17 6380 301 11362 6316 9311 3370 3268 6392 6295 9389 9368 11275 3383 3282 9259 3315 6338 
1 14 6338 260 3365 3214 9385 6368 7237 291 12130 10136 11223 12287 7285 9292 
1 10 9292 1327 1292 1775 1294 12521 4780 7800 1709 10696 
1 6 10696 12679 1733 1860 7825 7274 
1 12 7274 10652 4665 12631 10580 12563 4818 7713 10562 10661 12540 4797 
1 2 4797 1762 
1 10 1762 4837 4766 12507 7860 1672 7786 4677 7725 12622 
1 3 12622 10559 4832 
1 4 4832 12543 7851 10678 
1 9 10678 12657 7763 12654 1802 4246 12261 4805 12189 
1 6 12189 10466 11643 6686 664 11765 
1 4 11765 9762 6989 957 
1 9 9340 6222 6342 9483 9731 9499 3288 11265 6332 
1 7 3151 6174 11032 9098 3053 11097 11202 
1 7 11202 415 3298 11302 10493 9240 9340 
1 10 3151 6174 9097 11186 104 4640 11057 9079 496 3152 
1 4 11370 277 6340 3320 
1 3 3320 327 6296 
1 8 11370 11216 9236 9359 6359 318 3281 3392 
1 6 11370 216 6292 3378 6344 9288 
1 8 525 3494 11438 434 6597 11703 9698 11670 
1 11 11370 216 386 331 3293 3203 3507 3568 6532 11557 525 
1 10 525 3543 441 6593 3470 11543 6557 9454 9558 11479 
1 9 3707 565 6600 9423 9435 6480 11490 504 525 
1 6 418 3531 3508 9479 9463 11437 
1 8 525 3494 11454 488 3468 6478 9433 11437 
1 6 11437 6423 9419 11715 737 568 
1 2 568 3722 
1 3 3722 705 3686 
1 7 9417 11559 765 6755 11729 3760 719 
1 5 9417 11559 765 3752 3734 
1 9 3734 3720 6738 9694 11678 731 6733 6702 3672 
1 8 3529 498 3487 3439 6463 11579 9735 9753 
1 6 3672 670 3667 11609 4534 1599 
1 5 1599 6671 3658 772 3653 
1 3 1599 12380 12320 
1 7 1599 12309 4605 11645 4545 7495 7661 
1 21 3151 9150 9105 3050 6150 3187 3133 11046 11156 2998 11146 11054 11096 36 176 9162 3121 6181 9201 11117 3134 
1 14 3338 312 6102 6051 9187 72 3157 6097 9131 11107 2 11099 9122 121 
1 6 121 252 9345 11236 3259 6380 
1 10 12333 8099 10414 7924 9605 1573 10671 1919 10187 1459 
1 4 1384 12430 10187 1459 
1 4 12583 7706 10660 1459 
1 3 1591 10146 12583 
1 10 4333 7407 7405 7332 4764 10680 10550 7795 10547 1591 
1 6 10696 1800 4670 7317 1375 4333 
1 5 4801 12605 7717 1762 4797 
1 7 10433 7652 4503 930 9831 846 11771 
1 5 987 892 964 3783 1150 
1 2 11771 987 
1 12 9843 11761 10068 12043 1052 3900 11886 6837 9835 11815 987 11771 
1 10 9843 11761 10068 4137 11944 12093 10102 4071 7089 10000 
1 9 10000 4157 9971 1029 4082 7142 7181 4148 11913 
1 6 11913 11982 1089 10076 12052 7014 
1 4 7014 10034 4042 7191 
1 5 7191 11991 1096 7058 9974 
3 16 9974 10058 7146 1195 11947 9972 4070 10042 1193 10084 10112 4081 11945 1120 12095 1047 
1 5 7186 9955 4096 1175 12068 
3 7 1047 11941 7210 4152 1597 7650 7137 
3 14 11913 1146 7222 10017 4203 9959 7167 7625 1612 10757 5030 4041 1893 6999 
1 3 6999 7240 4925 
1 5 8049 7208 1034 4634 1519 
1 9 1519 12344 4469 10507 12432 7158 828 7545 11752 
1 12 11752 7674 12348 10363 7578 12469 11903 1638 11836 6893 846 11771 
1 5 12732 10490 10750 12846 7940 
1 7 7940 10865 2074 5736 7792 10545 4709 
1 2 4075 4119 
2 10 4075 1185 11936 10016 4397 12297 7280 1302 4379 10309 
2 6 10309 10137 4255 1300 4334 4405 
2 6 4405 10162 7271 12176 7347 4401 
2 4 7376 12288 1396 4401 
1 12 7236 4371 1337 4312 12201 1281 1308 4388 12220 12122 1427 7408 
1 9 1488 7492 7353 7572 10411 12173 10221 10250 7408 
1 4 7329 10227 12255 10297 
1 5 10297 4412 7427 4424 12299 
1 7 12905 4216 7443 2117 8091 10269 7387 
1 5 4652 10522 4446 1460 10354 
1 6 10354 12343 12212 1373 4364 12268 
1 8 7381 12249 1386 7223 12277 12293 4390 4608 
1 5 1415 7275 7351 7323 10265 
1 9 4241 7445 12245 12188 1293 4269 1224 4373 1340 
1 4 11835 912 9790 4052 
1 4 4052 7171 10083 848 
1 4 11878 6822 898 6944 
3 6 7125 10036 9936 4103 7121 4056 
1 15 1182 1097 12072 10015 7187 4172 1067 1136 12031 7212 11946 1092 10052 11985 1025 
1 12 1182 9998 7157 7087 12097 10125 4142 11960 7072 9965 4094 7197 
1 5 1182 993 1113 4122 1117 
1 6 1182 993 1113 4118 1024 7169 
1 9 1182 993 1113 4118 1024 7169 12056 3848 6994 
1 3 7859 4864 12406 
1 5 7859 1861 10581 10553 7798 
1 8 7859 10682 4836 5134 2114 2130 12918 12910 
1 7 12406 7520 7450 1611 10458 10445 7564 
1 8 2211 2203 5195 2197 7839 4819 12632 1814 
1 8 1814 4804 12617 7783 1713 7887 1565 4543 
1 7 1330 12127 1417 12256 4626 4585 1492 
1 5 4245 12050 7124 4162 11929 
1 12 2086 10794 5086 1377 12777 12786 10751 4516 4544 7593 4204 4245 
1 11 2086 2054 4971 1199 12743 8076 11993 10019 4072 7013 1349 
1 6 2086 2054 4971 12829 12092 9975 
1 7 1349 10270 4353 5063 12226 10324 8087 
1 7 8087 1317 10296 12779 10897 12734 8011 
1 2 10887 12005 
1 8 10887 8106 10139 7903 10735 7084 10108 3456 
1 5 12754 12822 10729 2032 2086 
1 2 12005 12822 
1 6 10737 7916 1995 10896 10476 4893 
1 7 10837 12818 12704 12748 5073 1957 5029 
1 7 10837 10922 1982 12756 4928 5089 5005 
1 9 10837 12818 4983 1963 10828 11249 10913 1986 7982 
1 7 10837 7969 4553 4901 10454 4825 1896 
1 5 2097 7994 2004 12726 2089 
1 3 12727 7995 1955 
1 6 12883 5037 2090 8060 12870 12727 
1 5 12473 7140 1056 4550 4111 
1 2 4111 792 
1 6 12049 1155 11979 4161 4088 4206 
1 3 4206 1086 7151 
1 2 7011 12049 
1 4 7011 10073 7164 4076 
1 15 7011 12004 10126 1080 10028 12044 10097 1206 10844 10745 4963 12796 12826 7925 12806 
1 3 12725 10902 10745 
1 10 12806 10795 13262 13264 12800 13261 13255 13253 13252 2096 
1 4 2096 8223 7088 12989 
1 6 2096 8223 12929 5160 10860 1939 
1 3 1939 13244 5210 
1 3 5210 8183 2196 
1 7 2196 8182 8201 10845 10988 13209 12986 
1 3 12986 5221 5199 
1 3 5199 2216 10929 
1 4 10929 4851 12963 8214 
1 3 8214 2213 10400 
1 4 10400 12064 4556 1468 
1 7 10400 12648 5231 10697 12419 12692 12589 
1 6 4879 10963 5189 10442 10415 12589 
1 8 8245 5177 12935 2120 12971 5164 2217 2202 
1 6 13225 8188 13229 13227 13231 13232 
1 4 8248 5158 12958 12985 
1 5 5117 733 6872 12697 6775 
1 10 5117 5205 6668 11716 9734 370 1378 6941 1516 813 
1 4 813 538 9815 9547 
1 4 8193 12975 8207 5139 
1 2 5117 8193 
1 2 2080 6039 
1 4 12830 11012 5054 2080 
1 5 2081 9152 13211 8078 12830 
1 3 2050 4952 8034 
1 3 8034 12900 2025 
1 4 2056 12762 12874 10919 
1 5 4927 5045 8065 8122 10803 
1 5 10836 8071 7983 5013 10803 
1 4 4927 5045 8008 1909 
1 7 4927 12751 10829 2012 8015 12710 4948 
1 2 5034 4948 
1 3 11954 10123 12094 
1 3 12094 4151 1204 
1 4 1204 7082 9992 1130 
1 4 7069 11943 4139 4108 
1 5 7132 11923 12760 9964 1145 
1 6 1145 11939 7166 4046 10078 12051 
1 6 12051 7081 1160 1046 7180 11969 
1 5 12364 12351 7500 10985 12942 
1 2 650 8222 
1 7 650 5191 8194 5228 11000 5171 12994 
1 12 10980 5172 10432 10513 5167 7553 8181 5156 1529 1542 7594 10447 
1 4 7476 8148 12334 10980 
1 14 10980 12334 8226 7589 4570 12909 12903 10419 8197 10946 8143 10998 10939 5168 
1 6 5168 2227 10933 2175 8179 5107 
1 6 12853 5220 12933 2228 2132 5107 
1 3 12798 5051 8252 
1 4 12790 10864 12703 10747 
1 4 8113 10855 4526 153 
1 12 7630 7617 4624 4611 12878 13087 13092 12738 12865 8017 13085 10886 
1 3 1965 8089 12810 
1 4 1965 12755 4887 8032 
1 10 1965 2011 4956 1952 10738 7973 10800 12897 2037 8097 
1 8 7622 13222 7451 10374 13224 7546 12347 7590 
1 11 7361 7644 7304 1424 12289 634 4362 12291 1284 7433 12149 
1 6 12149 7291 9601 4345 4270 3778 
1 7 3778 3635 3608 605 11569 9583 3775 
1 16 3778 3635 3661 9634 10249 1299 4869 602 777 10718 4775 7899 1769 4875 4426 4872 
1 10 4872 12688 4218 12593 3481 4739 9669 6726 515 3010 
1 8 3010 6754 1347 7761 1737 10273 1393 1408 
1 7 3957 6984 3824 6845 11782 6882 3878 
1 6 3878 9847 9850 11830 3906 6732 
1 6 3957 873 6846 865 11738 788 
1 11 3957 6929 6823 9789 3802 9808 6874 9825 3685 11656 6710 
1 7 6710 6769 9684 11685 11641 6713 9450 
1 15 9450 12312 11589 10478 7306 7458 11788 12646 12586 7852 3855 3613 4760 7780 1827 
1 12 1827 1658 7684 7764 7818 7821 850 4799 1651 941 9855 9814 
1 10 9671 9637 6861 3784 11876 9855 9814 11757 7517 1562 
1 15 7315 7442 12155 12183 1414 4347 6665 781 768 6745 11658 9713 6699 3678 9671 
1 4 10337 10504 10861 3960 
1 8 3960 9829 7945 12778 4597 12463 1621 4569 
1 7 9450 9682 7611 12497 10457 12305 4569 
1 9 4569 12346 4625 1646 10355 1559 10449 7524 7552 
1 5 4569 7831 10586 12670 12501 
1 5 12501 10281 968 9996 12384 
1 6 9450 12357 12456 1831 4807 1866 
1 4 6855 3853 9825 6890 
1 7 6845 3824 11785 9804 12405 880 11800 
1 9 3878 3894 706 3897 894 11650 11680 9664 11654 
1 5 6732 3712 3732 7462 12459 
1 6 788 6943 11783 7045 10081 7138 
1 7 7138 10495 4653 1485 9949 638 12384 
1 11 12384 10492 12470 1433 12381 1572 12439 866 10489 9834 1843 
1 5 9450 6713 9653 9810 1595 
1 2 1770 7458 
1 4 10717 12361 1621 4569 
1 5 10717 7834 1352 7892 4740 
1 6 4740 7904 5103 8025 2082 3960 
1 5 853 8115 7986 12374 1562 
1 5 853 7747 4796 1972 4975 
1 5 4865 4668 10535 3869 1827 
1 5 4865 10582 9695 10556 9616 
1 6 9616 12553 7865 12155 7442 7315 
1 4 3513 10271 7386 7315 
1 6 1747 1875 7771 10569 1683 12586 
1 3 1836 3750 1747 
1 5 5010 5097 1984 12723 5017 
1 8 12991 2020 1964 1905 5068 10777 7980 5010 
2 8 4109 1109 976 863 3973 3844 10163 11818 
1 5 11818 3936 9930 11774 11905 
1 5 4109 3988 7096 4178 11965 
1 8 9914 3884 3448 3914 3980 966 936 10163 
1 2 9809 9780 
1 2 9780 9914 
1 8 949 3971 3952 3819 6842 9769 9919 9783 
1 5 949 935 11857 9906 9874 
1 2 3882 9874 
1 6 9874 6940 3939 3984 11583 11586 
1 7 11586 9599 3956 937 3922 6913 9809 
1 5 11586 3609 606 6799 11899 
1 5 11899 11872 6942 6957 3924 
1 7 11586 11580 11577 6647 9595 624 11581 
1 4 11581 3654 6650 9627 
1 3 9627 599 6626 
1 4 9617 11603 6677 657 
1 2 9617 3663 
1 8 3663 660 6695 6709 6679 676 3694 6711 
1 6 11666 3700 3716 11679 11663 9660 
1 3 11666 6690 9648 
1 4 9648 653 9596 9627 
1 5 11666 9527 11525 9569 11542 
1 8 11542 9429 583 3553 3569 11511 9539 9692 
1 7 9692 541 11522 3537 555 3550 3581 
1 3 9620 11604 663 
1 8 9660 684 11646 11644 11659 713 3709 6711 
1 5 3544 12562 402 290 3392 
1 5 3544 467 6416 3497 442 
1 8 3544 9400 9508 11428 9546 11558 3283 9570 
1 6 3544 6259 6321 3295 3380 362 
1 9 3544 6567 9316 11329 11357 400 6281 327 3320 
1 2 6521 11505 
1 3 11505 3207 6282 
1 5 6282 6334 9334 9361 11372 
1 7 11505 9496 11415 9535 6595 552 9570 
1 4 11505 9428 478 514 
1 5 11505 11444 3258 293 321 
1 5 11505 9428 6441 11481 3535 
2 4 6521 3499 9456 3522 
1 4 3535 6582 425 3561 
1 3 3522 9375 526 
1 2 526 6377 
1 6 6389 6257 9347 6325 6263 6377 
1 3 3326 3271 6377 
1 4 6377 3395 405 11388 
1 5 11388 6535 495 6469 587 
1 5 587 3547 11470 9575 11531 
1 6 6488 589 6568 3530 549 11531 
1 4 6488 589 6568 9517 
1 5 6488 6594 9557 9572 11544 
1 5 11544 561 6540 3705 692 
1 5 688 3684 11651 6690 11666 
1 4 692 9652 707 688 
1 7 3535 9441 9497 482 6421 9416 11544 
1 5 516 3516 9444 9418 6583 
1 2 516 6560 
1 5 516 6598 3262 9498 391 
1 3 9335 6286 6241 
1 2 6241 391 
1 4 11584 628 11595 6626 
1 9 9904 9794 3885 11861 9924 782 6793 9582 11584 
1 9 9904 9794 3885 9879 11889 6985 9752 6790 3780 
1 16 9904 11846 923 9826 819 955 851 3968 10027 3901 12066 9990 4159 12047 3857 10074 
1 6 11506 9561 454 3476 3536 11548 
1 10 11506 9534 3549 3509 3523 527 11508 9525 6572 3552 
1 7 11506 9523 3549 3509 3495 503 11465 
1 10 11506 9523 6547 11463 9478 11596 655 595 11565 9737 
1 14 11506 11491 3506 3669 3652 817 9590 3589 6784 3768 9736 6975 3959 9909 
1 2 6613 3589 
1 11 11506 11491 3506 9644 11611 6644 6648 6618 9751 3948 6766 
1 9 11506 11518 11549 9472 3560 5291 11516 1346 9503 
1 7 516 9536 13081 3447 3402 9561 11506 
1 10 3938 3858 6879 3945 871 798 3909 6966 6812 9764 
1 3 6906 3799 871 
1 10 3938 858 9881 6832 3810 9891 1178 4182 10009 9979 
1 11 3938 3794 9800 3874 6907 920 3725 11840 729 11692 758 
1 6 11805 970 980 3866 9765 6880 
1 6 11805 3861 799 6924 9817 11673 
1 6 6287 6393 3260 3325 3277 6364 
1 12 6050 161 11082 11380 9393 11289 11311 242 9410 9300 11376 9279 
1 18 9108 6083 6161 9220 6132 3113 182 9088 130 205 9151 11040 11147 3045 11091 3182 9149 6050 
1 5 192 9178 6206 6074 3054 
1 3 3054 3104 9108 
1 7 11105 6009 204 9183 11056 6082 9206 
1 4 11105 6108 9194 3083 
1 6 3083 6066 169 3117 6013 3122 
1 7 6115 14 9174 6151 6072 9196 9296 
1 7 9296 3049 137 3192 65 6145 122 
1 4 11293 3342 11237 7394 
1 4 3379 3242 3359 11293 
1 2 6103 11374 
1 4 6103 9239 6221 3369 
1 3 6103 11253 271 
1 7 6103 9239 6221 7239 3301 3205 6384 
1 3 6384 6318 9379 
1 3 11297 9269 9379 
1 4 9379 9332 11270 351 
1 4 351 11299 9314 9392 
1 3 9392 9383 3273 
1 8 3273 159 11306 9075 6046 6104 131 11064 
1 7 12997 12983 12969 5162 10942 11020 8252 
1 2 9833 11829 
1 6 11829 11811 904 3905 6908 11747 
1 10 11747 11784 3907 909 3983 6945 11796 3927 928 4112 
1 11 4512 11759 7620 3890 3921 6888 921 3807 11844 804 11747 
1 10 11747 9844 11839 11897 933 3935 960 3965 3979 9932 
1 4 12320 4660 4755 1896 
1 6 976 1205 12001 9916 9805 3914 
1 3 13226 13228 13227 
1 3 13226 13234 8180 
1 8 13234 13235 8246 2200 12956 11015 5185 13229 
1 2 2079 10747 
1 5 12703 12845 7993 1887 5026 
1 5 7991 7936 10494 4969 10864 
1 4 5230 13195 10952 2174 
1 7 5230 8225 5188 8211 10982 12973 12902 
1 5 2173 2152 11023 10973 5165 
1 4 4425 10920 7469 1492 
1 5 4087 4588 12464 12492 7469 
1 5 1014 4019 4202 12404 1492 
1 3 1073 12048 4075 
2 3 1396 1423 12133 
1 3 7376 7319 1324 
1 2 10326 4397 
1 4 1563 4554 7229 10309 
1 5 10263 1589 10464 12330 1561 
1 5 4273 7654 12472 10479 4608 
1 2 4406 7381 
1 7 12268 12296 1246 12165 1342 10279 7381 
1 6 10237 12225 12252 1416 10178 7296 
1 4 10265 1221 4288 10272 
1 6 1340 1311 4228 12279 1372 10306 
1 2 1069 10102 
1 3 10018 4186 10000 
1 2 11835 6860 
1 6 1150 6851 6918 9854 6981 11835 
1 6 9790 3912 978 852 3904 11878 
1 8 7155 1003 12040 7125 7221 7204 7175 4126 
1 2 12089 7121 
1 3 848 9981 7125 
1 8 8049 517 1647 5025 1985 3742 1630 12732 
1 3 10404 7168 4152 
1 9 10084 1110 9984 3992 7653 10114 1036 4619 7167 
1 9 10404 4480 12017 7665 10517 7097 9999 4631 4619 
1 3 4196 1166 1193 
1 3 1070 1038 11963 
1 7 4397 1362 12332 1464 1507 10330 10456 
1 4 6706 11636 674 9617 
1 12 879 10533 1757 8048 3659 9597 3186 119 1684 228 1880 9734 
1 4 10680 12662 1708 1844 
1 4 1844 10691 10674 4709 
1 6 10404 10039 10431 12436 4532 4504 
1 8 9843 4140 12026 6828 4208 10053 1203 12344 
1 10 8049 5007 12713 6932 1603 7508 7459 7580 9934 7167 
1 8 1603 1004 9958 7656 7129 12069 10072 1069 
